<?xml version="1.0"?>
<opencv_storage>
<images>
out_CAMERA_door_0000000098.mkv_snapshot_40.05_[2017.12.15_12.00.08].jpg
out_CAMERA_door_0000000098.mkv_snapshot_40.07_[2017.12.15_12.00.11].jpg
out_CAMERA_door_0000000098.mkv_snapshot_40.08_[2017.12.15_12.00.12].jpg
out_CAMERA_door_0000000098.mkv_snapshot_40.09_[2017.12.15_12.00.13].jpg
out_CAMERA_door_0000000098.mkv_snapshot_40.11_[2017.12.15_12.00.15].jpg
out_CAMERA_door_0000000098.mkv_snapshot_39.58_[2017.12.15_11.59.55].jpg
out_CAMERA_door_0000000098.mkv_snapshot_39.59_[2017.12.15_11.59.59].jpg
</images>
</opencv_storage>