%YAML:1.0
---
calibration_time: "Fri Dec 15 14:26:51 2017"
nframes: 6
image_width: 1920
image_height: 1080
board_width: 8
board_height: 6
square_size: 1.
aspectRatio: 1.
flags: 2
camera_matrix: !!opencv-matrix
   rows: 3
   cols: 3
   dt: d
   data: [ 1.5429064838570325e+03, 0., 9.5369579797955782e+02, 0.,
       1.5429064838570325e+03, 5.7690440309632538e+02, 0., 0., 1. ]
distortion_coefficients: !!opencv-matrix
   rows: 5
   cols: 1
   dt: d
   data: [ -6.2252844915595262e-01, 2.9966919648514401e-01,
       -8.8257543325885261e-03, -4.3121497449825881e-03,
       3.7852955947755049e-02 ]
avg_reprojection_error: 1.2954407957034164e+00
per_view_reprojection_errors: !!opencv-matrix
   rows: 6
   cols: 1
   dt: f
   data: [ 9.31979537e-01, 1.25911844e+00, 1.59775567e+00,
       1.91255534e+00, 6.38878345e-01, 9.98087823e-01 ]
extrinsic_parameters: !!opencv-matrix
   rows: 6
   cols: 6
   dt: d
   data: [ 2.1801950008121396e-01, 1.4316607142710098e-02,
       1.3878328139723645e-02, -1.4380132647732375e+00,
       -3.5575802866180921e+00, 1.5318232318560778e+01,
       2.3820409137252754e-01, 1.3081936464861608e-02,
       4.4051390131967684e-04, -1.8307533517484271e+00,
       -2.6485160098047258e+00, 1.4472489242642739e+01,
       2.2850603159636879e-01, 1.4455082304047816e-02,
       -1.5477982438520020e-02, -2.0595004172971367e+00,
       -1.8681608472666438e+00, 1.3873941080132635e+01,
       2.1096052546398239e-01, 1.7696948929969067e-01,
       1.0393401235255046e-02, -9.9811613450627146e+00,
       -2.2740157261769660e+00, 1.5805512107704818e+01,
       1.4089629620963606e-01, 1.3935972858466025e-01,
       -3.9869136694667809e-02, -1.1011113897879435e+01,
       -2.0669184350031893e+00, 1.6487972817709490e+01,
       1.9177734577573413e-01, 1.2969964458427088e-01,
       -3.8176277017309412e-02, -1.0973826185205546e+01,
       4.2540647876299520e-01, 1.7401692689403312e+01 ]
image_points: !!opencv-matrix
   rows: 6
   cols: 48
   dt: "2f"
   data: [ 8.12818054e+02, 2.30188202e+02, 9.10386169e+02,
       2.29511429e+02, 1.00852771e+03, 2.30533371e+02, 1.10653333e+03,
       2.33741547e+02, 1.20148425e+03, 2.38565292e+02, 1.29303137e+03,
       2.45130630e+02, 1.37881677e+03, 2.52661697e+02, 1.45893274e+03,
       2.61453918e+02, 8.12806458e+02, 3.25498383e+02, 9.09247742e+02,
       3.25433685e+02, 1.00691516e+03, 3.26707977e+02, 1.10440100e+03,
       3.29410858e+02, 1.19930847e+03, 3.32960358e+02, 1.29080408e+03,
       3.37684143e+02, 1.37689343e+03, 3.43533173e+02, 1.45688867e+03,
       3.49675720e+02, 8.12712830e+02, 4.20701294e+02, 9.08325378e+02,
       4.21513763e+02, 1.00526385e+03, 4.23040009e+02, 1.10225867e+03,
       4.25386261e+02, 1.19658923e+03, 4.27795593e+02, 1.28769922e+03,
       4.31354370e+02, 1.37357385e+03, 4.34624634e+02, 1.45357849e+03,
       4.38654053e+02, 8.12499756e+02, 5.15489746e+02, 9.07380920e+02,
       5.17026428e+02, 1.00335229e+03, 5.18765137e+02, 1.09962170e+03,
       5.20486572e+02, 1.19349609e+03, 5.22414001e+02, 1.28402991e+03,
       5.23813354e+02, 1.36934741e+03, 5.25518127e+02, 1.44899634e+03,
       5.27285034e+02, 8.13107483e+02, 6.08704224e+02, 9.06839600e+02,
       6.11352966e+02, 1.00165302e+03, 6.13177429e+02, 1.09684656e+03,
       6.14533569e+02, 1.18963550e+03, 6.15354431e+02, 1.27930200e+03,
       6.15489136e+02, 1.36364856e+03, 6.15510437e+02, 1.44277991e+03,
       6.14632202e+02, 8.14334717e+02, 6.99520081e+02, 9.06545166e+02,
       7.02592407e+02, 9.99855530e+02, 7.04507385e+02, 1.09349768e+03,
       7.05599060e+02, 1.18482141e+03, 7.05475464e+02, 1.27323669e+03,
       7.04570801e+02, 1.35667822e+03, 7.02364258e+02, 1.43472827e+03,
       6.99489014e+02, 7.61385193e+02, 3.02138306e+02, 8.65403320e+02,
       3.00019318e+02, 9.71402161e+02, 2.98966980e+02, 1.07693433e+03,
       2.99964691e+02, 1.17978369e+03, 3.02942596e+02, 1.27848474e+03,
       3.07347534e+02, 1.37108167e+03, 3.12677551e+02, 1.45692712e+03,
       3.19144470e+02, 7.64738159e+02, 4.03425842e+02, 8.66800354e+02,
       4.02326660e+02, 9.70776489e+02, 4.02362213e+02, 1.07536487e+03,
       4.02829132e+02, 1.17729028e+03, 4.04520721e+02, 1.27562549e+03,
       4.07130249e+02, 1.36770093e+03, 4.10406769e+02, 1.45323730e+03,
       4.13696075e+02, 7.67569763e+02, 5.03499573e+02, 8.68198242e+02,
       5.03945953e+02, 9.70544922e+02, 5.04142120e+02, 1.07346643e+03,
       5.04854462e+02, 1.17445349e+03, 5.05333069e+02, 1.27172485e+03,
       5.06061432e+02, 1.36309448e+03, 5.07101776e+02, 1.44807288e+03,
       5.08235321e+02, 7.70554688e+02, 6.02012878e+02, 8.69444031e+02,
       6.03195679e+02, 9.70330261e+02, 6.04076416e+02, 1.07170605e+03,
       6.04470886e+02, 1.17138013e+03, 6.03879578e+02, 1.26741138e+03,
       6.03105530e+02, 1.35768970e+03, 6.02054260e+02, 1.44189380e+03,
       6.00061157e+02, 7.73888245e+02, 6.97569397e+02, 8.71036804e+02,
       6.99907166e+02, 9.70207947e+02, 7.01261597e+02, 1.06978662e+03,
       7.01367371e+02, 1.16756885e+03, 6.99947693e+02, 1.26227881e+03,
       6.97649780e+02, 1.35137903e+03, 6.94458130e+02, 1.43456433e+03,
       6.90593079e+02, 7.78383240e+02, 7.88544006e+02, 8.73361206e+02,
       7.91898132e+02, 9.70106201e+02, 7.93337280e+02, 1.06750623e+03,
       7.93331848e+02, 1.16299280e+03, 7.91353577e+02, 1.25570789e+03,
       7.87606995e+02, 1.34332678e+03, 7.82999451e+02, 1.42522083e+03,
       7.76824097e+02, 7.25845093e+02, 3.73245239e+02, 8.34744385e+02,
       3.69557587e+02, 9.46056152e+02, 3.67037537e+02, 1.05832288e+03,
       3.66362335e+02, 1.16732336e+03, 3.66599274e+02, 1.27189795e+03,
       3.68203827e+02, 1.36962415e+03, 3.71303223e+02, 1.45943457e+03,
       3.74750366e+02, 7.32362610e+02, 4.79449829e+02, 8.39026062e+02,
       4.77553711e+02, 9.47889404e+02, 4.75846008e+02, 1.05866528e+03,
       4.75221863e+02, 1.16625293e+03, 4.74221344e+02, 1.26927673e+03,
       4.73786224e+02, 1.36588440e+03, 4.74205292e+02, 1.45479749e+03,
       4.74235565e+02, 7.39212341e+02, 5.83316101e+02, 8.42787964e+02,
       5.82938721e+02, 9.50237793e+02, 5.82419861e+02, 1.05796423e+03,
       5.81000305e+02, 1.16340259e+03, 5.79372253e+02, 1.26590100e+03,
       5.77629150e+02, 1.36131091e+03, 5.75086914e+02, 1.44954834e+03,
       5.72722595e+02, 7.45031799e+02, 6.84183899e+02, 8.47690674e+02,
       6.85451233e+02, 9.52145935e+02, 6.85282227e+02, 1.05810669e+03,
       6.84233215e+02, 1.16149841e+03, 6.81192444e+02, 1.26209729e+03,
       6.77832458e+02, 1.35579761e+03, 6.73265625e+02, 1.44282178e+03,
       6.68082458e+02, 7.51826538e+02, 7.81186462e+02, 8.51656006e+02,
       7.83242126e+02, 9.54265991e+02, 7.83806580e+02, 1.05767566e+03,
       7.82517944e+02, 1.15878687e+03, 7.78991333e+02, 1.25677124e+03,
       7.73942200e+02, 1.34901880e+03, 7.67581665e+02, 1.43501794e+03,
       7.60081970e+02, 7.59319153e+02, 8.71849487e+02, 8.56586853e+02,
       8.75114319e+02, 9.56134094e+02, 8.75765930e+02, 1.05690991e+03,
       8.74348755e+02, 1.15524890e+03, 8.70274658e+02, 1.25106042e+03,
       8.64561279e+02, 1.34095898e+03, 8.56282288e+02, 1.42507617e+03,
       8.46848572e+02, 1.63417923e+02, 3.94298798e+02, 2.11876587e+02,
       3.89454742e+02, 2.65948059e+02, 3.85273224e+02, 3.26326630e+02,
       3.79939056e+02, 3.92894165e+02, 3.75237701e+02, 4.67912354e+02,
       3.70819366e+02, 5.49625183e+02, 3.66946899e+02, 6.39500366e+02,
       3.64295013e+02, 1.73438568e+02, 4.70749939e+02, 2.20647873e+02,
       4.69503998e+02, 2.73500854e+02, 4.68082397e+02, 3.33049866e+02,
       4.67461426e+02, 3.98898621e+02, 4.66209534e+02, 4.72472137e+02,
       4.65543854e+02, 5.53357544e+02, 4.65163483e+02, 6.42177673e+02,
       4.64799866e+02, 1.81823853e+02, 5.46618347e+02, 2.28775482e+02,
       5.48666931e+02, 2.81389099e+02, 5.51406372e+02, 3.39909851e+02,
       5.54028564e+02, 4.04818512e+02, 5.55973694e+02, 4.78029816e+02,
       5.58916138e+02, 5.57948669e+02, 5.61552979e+02, 6.45899719e+02,
