<?xml version="1.0"?>
<opencv_storage>
<calibration_time>"Fri Dec 15 20:30:11 2017"</calibration_time>
<nr_of_frames>25</nr_of_frames>
<image_width>2592</image_width>
<image_height>1944</image_height>
<board_width>9</board_width>
<board_height>6</board_height>
<square_size>50.</square_size>
<fix_aspect_ratio>1.</fix_aspect_ratio>
<!-- flags: +fix_skew +recompute_extrinsic -->
<flags>10</flags>
<fisheye_model>1</fisheye_model>
<camera_matrix type_id="opencv-matrix">
  <rows>3</rows>
  <cols>3</cols>
  <dt>d</dt>
  <data>
    7.4120290822874836e+02 0. 1.3250517972817070e+03 0.
    7.3861519036843026e+02 9.6675701856178614e+02 0. 0. 1.</data></camera_matrix>
<distortion_coefficients type_id="opencv-matrix">
  <rows>4</rows>
  <cols>1</cols>
  <dt>d</dt>
  <data>
    -2.3735894034208730e-02 -2.7198599864624484e-02
    1.8642215800088423e-02 -5.8100785090142732e-03</data></distortion_coefficients>
<avg_reprojection_error>2.3709938588642290e+00</avg_reprojection_error>
<per_view_reprojection_errors type_id="opencv-matrix">
  <rows>25</rows>
  <cols>1</cols>
  <dt>f</dt>
  <data>
    1.25916910e+00 7.50531077e-01 9.48831499e-01 2.04295444e+00
    1.31794572e+00 3.69593501e+00 4.00910664e+00 3.93340492e+00
    1.39682710e+00 2.65200639e+00 1.95150626e+00 2.32208252e+00
    2.03293514e+00 2.52379942e+00 3.39935684e+00 2.09079123e+00
    1.46823919e+00 2.06676221e+00 1.53353989e+00 2.19686747e+00
    2.22455931e+00 3.11834502e+00 2.86493373e+00 1.88661766e+00
    1.31025839e+00</data></per_view_reprojection_errors>
<!-- a set of 6-tuples (rotation vector + translation vector) for each view -->
<extrinsic_parameters type_id="opencv-matrix">
  <rows>25</rows>
  <cols>6</cols>
  <dt>d</dt>
  <data>
    -7.8804117452925171e-01 8.2872252386295131e-01
    -1.2993357943854622e+00 3.6061030637524362e+02
    1.1635759731411947e+02 4.2015859710847809e+02
    -6.0222666112939438e-01 1.0245533573385743e+00
    -1.8174296580768661e+00 5.2756857640530916e+02
    -1.4037373991587080e+02 4.2593791860280896e+02
    -9.8717170180302585e-02 -1.3317692546596003e+00
    2.8162094882328916e+00 2.4952146101070105e+02
    -2.2903808215765514e+02 4.6048725135717962e+02
    -6.9007933819380312e-03 -1.0649254260172536e-01
    -3.0973762999125212e+00 1.5906925620199522e+02
    1.3458672311972896e+02 1.6782929117888014e+02 4.6581172189103258e-02
    9.8726743078349194e-02 3.1371764540724514e+00 1.6530401871403768e+02
    1.5210447602423304e+02 1.4904188287194387e+02 8.9213737640507571e-04
    3.6157318395456500e-01 -3.0718505021214360e+00
    1.9186550543722288e+02 9.3061523206381054e+01 2.1427673307863617e+02
    -1.3460702407266881e-02 3.6772779190520122e-01
    -3.0614779878247611e+00 1.0595611791364395e+02
    -6.8175779171581763e-01 2.1227891371663830e+02
    3.8311563460451246e-02 1.1415520344474582e-01 3.1173735574141466e+00
    1.4501359260394977e+02 2.6785405546426011e+02 1.4791387663458264e+02
    -3.8605733729621193e-02 1.0487527879559962e-01
    3.1092175024993960e+00 1.6174353787194732e+02 2.6099863426607806e+02
    1.6148747412912883e+02 -4.5328721908140794e-02
    -3.8577530294748946e-01 -3.1134102676250595e+00
    1.6226902470155702e+02 1.9582117722494121e+02 9.2936101641026568e+01
    -2.5457265898379752e-02 -3.7784371222316432e-01
    -3.1124733638160751e+00 1.5978729222933376e+02
    1.6690227812007069e+02 1.1377203379815562e+02 5.3238547706538221e-02
    1.5788711227578889e-01 -3.0978812494049803e+00
    2.0773925994290039e+02 -2.3102904605200244e+01
    2.3914399989641259e+02 1.8755877052157965e-01 1.9246586352850376e-01
    -3.0057323755516641e+00 7.3990107881532538e+01
    -2.2987216034110787e+01 2.5805804501454963e+02
    1.3315149039198654e-01 1.3520305842474205e-02
    -2.9633619857797577e+00 1.3872009546996958e+01
    2.5632431859311714e+02 1.9542024823640085e+02
    -4.3435427596601260e-02 -3.1718208640685508e-01
    -3.1024508840204055e+00 1.5663042702212729e+02
    2.5898062153051859e+02 1.4709259593334747e+02
    -8.6568052398578332e-01 -7.5430784605543333e-01
    1.3031147473263909e+00 -1.4137862852141023e+02
    -3.5015142127751039e+02 4.5530598532536482e+02
    -8.8432964333599540e-01 -8.8212382077468410e-01
    1.3543745243990217e+00 -2.0031819380643248e+02
    -3.5580167533719310e+02 4.1654032323384973e+02
    -9.9611264426919388e-01 -6.9811479726227821e-01
    1.1310682178758305e+00 -2.6568313135214981e+02
    -2.6019889389613189e+02 4.3406742853075417e+02
    -1.0363715762967145e+00 -7.4668905663194574e-01
    1.1184482063736059e+00 -3.2179820551237361e+02
    -2.1073917248945554e+02 4.1150699445297323e+02
    -1.1446089615963531e+00 -4.5760749543406848e-01
    8.5890082587029148e-01 -2.9206028062683760e+02
    -9.9049752032784212e+01 4.1824374140180532e+02
    -1.0966948832223506e+00 -2.3095573120068152e-01
    6.2553133159265839e-01 -3.1227378003661119e+02
    -4.0041673371522521e+01 4.2859907166794130e+02
    -1.1812944230482971e+00 -7.0453729807117629e-02
    2.8926783867595152e-01 -1.9583027545868688e+02
    1.2408645493933898e+01 4.3419307269104615e+02
    -1.1242228385348965e+00 2.1200423273637389e-01
    -9.8513503827668630e-02 -1.1223089938555262e+02
    8.8659587006893261e+01 4.4424021978666161e+02
    -9.6717466187153611e-01 4.6241147750222888e-01
    -4.7381605154173506e-01 2.3519460875459924e+01
    1.8125074022215011e+02 4.5286783388249211e+02
    -9.0946969239124076e-01 8.5965610360431088e-01
    -9.7416649871327543e-01 1.8078714164830262e+02
    1.5697681973336427e+02 4.7048003766294528e+02</data></extrinsic_parameters>
